# This file may be used to create an environment using:
# $ conda create --name <env> --file <this file>
# platform: linux-64
_libgcc_mutex=0.1=main
backports=1.0=py_2
backports.functools_lru_cache=1.6.1=py_0
backports_abc=0.5=py_1
blas=1.0=mkl
bzip2=1.0.8=h7b6447c_0
ca-certificates=2020.7.22=0
certifi=2019.11.28=py27_0
cffi=1.14.0=py27he30daa8_1
cuda90=1.0=h6433d27_0
cycler=0.10.0=py27_0
dbus=1.13.16=hb2f20db_0
expat=2.2.9=he6710b0_2
ffmpeg=4.3.1=h167e202_0
fontconfig=2.13.0=h9420a91_0
freetype=2.10.2=h5ab3b9f_0
functools32=3.2.3.2=py27_1
futures=3.3.0=py27_0
glib=2.65.0=h3eb4bd4_0
gmp=6.2.0=he1b5a44_2
gnutls=3.6.13=h79a8f9a_0
gst-plugins-base=1.14.0=hbbd80ab_1
gstreamer=1.14.0=hb31296c_0
icu=58.2=he6710b0_3
intel-openmp=2020.2=254
jpeg=9b=h024ee3a_2
kiwisolver=1.1.0=py27he6710b0_0
lame=3.100=h7b6447c_0
libedit=3.1.20191231=h14c3975_1
libffi=3.3=he6710b0_2
libgcc-ng=9.1.0=hdf63c60_0
libgfortran-ng=7.3.0=hdf63c60_0
libiconv=1.15=h63c8f33_5
libpng=1.6.37=hbc83047_0
libstdcxx-ng=9.1.0=hdf63c60_0
libtiff=4.1.0=h2733197_1
libuuid=1.0.3=h1bed415_2
libxcb=1.14=h7b6447c_0
libxml2=2.9.10=he19cac6_1
lz4-c=1.9.2=he6710b0_1
matplotlib=2.2.3=py27hb69df0a_0
mkl=2020.2=256
mkl-service=2.3.0=py27he904b0f_0
mkl_fft=1.0.15=py27ha843d7b_0
mkl_random=1.1.0=py27hd6b4f25_0
ncurses=6.2=he6710b0_1
nettle=3.4.1=hbb512f6_0
numpy=1.16.6=py27hbc911f0_0
numpy-base=1.16.6=py27hde5b4d6_0
olefile=0.46=py27_0
opencv=2.4.11=nppy27_0
openh264=2.1.1=h8b12597_0
openssl=1.1.1g=h7b6447c_0
pcre=8.44=he6710b0_0
pillow=6.2.1=py27h34e0f95_0
pip=19.3.1=py27_0
pycparser=2.20=py_2
pyparsing=2.4.7=py_0
pyqt=5.9.2=py27h05f1152_2
python=2.7.18=h15b4118_1
python-dateutil=2.8.1=py_0
pytorch=0.3.1=py27_cuda9.0.176_cudnn7.0.5_2
pytz=2020.1=py_0
qt=5.9.7=h5867ecd_1
readline=8.0=h7b6447c_0
scikit-learn=0.20.3=py27hd81dba3_0
scipy=1.2.1=py27h7c811a0_0
setuptools=44.0.0=py27_0
singledispatch=3.4.0.3=py27_0
sip=4.19.8=py27hf484d3e_0
six=1.15.0=py_0
sqlite=3.33.0=h62c20be_0
subprocess32=3.5.4=py27h7b6447c_0
tk=8.6.10=hbc83047_0
torchvision=0.2.0=py27hfb27419_1
tornado=5.1.1=py27h7b6447c_0
wheel=0.35.1=py_0
x264=1!152.20180806=h7b6447c_0
xz=5.2.5=h7b6447c_0
zlib=1.2.11=h7b6447c_3
zstd=1.4.5=h9ceee32_0
